A=[1 -1  1;
   2  3 -4;
   1 -2  3];
B=[-2
    2
    8];
A\B